13
13
41 35 190 132 225 108 214 174 82 144 73 241 241 
187 233 235 179 166 219 60 135 12 62 153 36 94 
13 28 6 183 71 222 179 18 77 200 67 187 139 
166 31 3 90 125 9 56 37 31 93 212 203 252 
150 245 69 59 19 13 137 10 28 219 174 50 32 
154 80 238 64 120 54 253 18 73 50 246 158 125 
73 220 173 79 20 242 68 64 102 208 107 196 48 
183 50 59 161 34 246 34 145 157 225 139 31 218 
176 202 153 2 185 114 157 73 44 128 126 197 153 
213 233 128 178 234 201 204 83 191 103 214 191 20 
214 126 45 220 142 102 131 239 87 73 97 255 105 
143 97 205 209 30 157 156 22 114 114 230 29 240 
132 79 74 119 2 215 232 57 44 83 203 201 18 
